2
3
5
leaky_relu
[[-0.12072159910390817, -0.12072800083834268, -2.060572281061231], [-3.438755312137139, -3.438756148205908, -3.0425447052410646], [-2.642414488379948, -2.6424135330896994, -2.6424570176347917], [2.1928127444692587, 2.192691202005206, -0.4751441661258822], [0.001533216707881499, -0.021702858282059204, -0.5270421406375866]]
[3.9409436011599706, 3.43875127750459, 5.284842217438438, -1.0015627079780112, -0.01741047793767287]
2
sigmoid
[[-3.1053440520633346, -4.7154512739995305, 4.9019438279232475, 2.3119284461866236, -0.04007344982008851], [3.135994815386263, 4.722192552554651, -4.924730823439053, -2.3249027876109616, 0.18310019155569543]]
[-0.7102163250588474, 0.6712201839862376]
