3
2
6
leaky_relu
[[-0.41084495671356525, -0.03374845548304001], [1.5887483452528441, -3.9365532810775528], [-2.5468812167230612, 0.4996511788208435], [-0.9364595496480942, -0.21419355163423057], [-2.6076828335128996, -4.896962521389314], [-3.111609533360459, 1.5036594407718147]]
[0.39234185804832505, 2.368633435051814, 1.4631092951272324, 1.1491343261451403, 7.503588426909404, 2.402607236488309]
6
leaky_relu
[[-0.048077456404291716, 0.4060627621447925, 1.2994493757142858, 0.254765103094532, 2.6218402512525505, 0.057537842245452504], [-0.12092205941287369, -0.3364577417435583, 0.02171055302482312, 0.03536695578662074, -2.8971944518112958, -0.6525414993643496], [0.44500870997980135, -3.558960321589282, 0.3652079228138102, 0.7683428973489379, 0.9000669341048494, -0.6389927687960599], [0.04718076810403292, 0.7547445346205974, 0.8300837433297599, 0.3067674216708889, 1.915754989812041, 0.038226432839313096], [-0.07348357562886768, -0.7355766333093459, -1.0436203910874902, -0.47869004807602317, -2.059495293130814, -1.1926956993307238], [-0.21807621646892178, 0.6369973988626838, 1.8299142063669265, 0.6232639077043021, 4.613874121482013, -0.032378685773386755]]
[-0.6657988016780516, -5.8234972106147165, -0.5742611572878579, -0.29383462986803577, -11.600527801796764, -1.0132318678021455]
1
linear
[[-2.7932353918663577, 2.738216503455188, -2.3821847840025168, -2.178242364845694, 2.7569818267928152, -4.734300208580435]]
[4.206125871599243]
